-1.29274
1.86573
-1.25893
-0.39335
-0.89942
-1.80285
0.62075
2.34438
-1.35175
-0.71424
1.62579
0.01727
1.38387
0.4065
0.98407
0.24074
-1.53443
1.70372
1.19745
1.06867
2.32084
0.8331
-0.78728
-0.00763
-0.5185
0.3587
-0.15877
-0.28216
-2.21498
1.01132
0.52341
0.51271
2.0073
-1.53039
-0.46738
-1.29741
-0.91747
0.8484
1.49342
-0.27242
-0.06476
0.6439
0.40203
-1.20085
0.24741
-0.5976
-2.37525
0.02194
-1.54276
1.45471
0.10029
-0.07199
-1.17052
0.2184
-0.856
-0.55436
-0.95668
-1.63949
0.46033
-1.15687
-0.468
0.67688
1.9306
-0.54197
-1.70082
0.6771
-1.52347
-0.09419
-0.73995
-2.88075
-0.53199
-0.5853
0.44041
-0.46331
0.32954
-0.61014
0.62892
2.09962
0.94349
-0.72525
-1.40205
-1.74023
0.86813
-0.10221
0.54997
0.9405
-0.19355
1.8791
1.56059
0.00574
1.63659
-0.01993
-0.06035
-0.50964
0.1979
0.30661
2.00157
1.19992
0.89974
-0.76787
